dut_alt: 165.023
dut_current_time: '2025-04-01 09:52:35'
dut_lat: 31.024526
dut_lon: 121.456871
dut_v: 0.010288888888888889
