bias: 179783.85280359248
biasx: 179783.87755000932
count: 9
time: '2025-04-01 09:52:35'
