dut_alt: 128.373
dut_current_time: '2025-04-07 06:59:24'
dut_lat: 31.023996
dut_lon: 121.458081
dut_v: 0
