bias: 179834.6777519821
biasx: 1618516.4749286647
count: 1
pc: -105
time: '2025-04-10 03:31:54'
