bias: 179785.32322954686
biasx: 719140.0614445464
count: 1
pc: -115
time: '2025-04-08 09:09:03'
