dut_alt: 120.325
dut_current_time: '2025-04-08 09:09:03'
dut_lat: 31.024128
dut_lon: 121.457266
dut_v: 0
