dut_alt: 92.061
dut_current_time: '2025-04-10 03:31:54'
dut_lat: 31.023839
dut_lon: 121.458207
dut_v: 0
