bias: 179836.28256389734
biasx: 179836.28256389734
count: 1
pc: -109
time: '2025-04-07 06:59:24'
