bias: 0.030866666666666667
biasx: 0.016576543209876546
count: 9
time: '2025-04-01 09:55:52'
