dut_alt: 144.531
dut_current_time: '2025-04-01 09:55:52'
dut_lat: 31.024336
dut_lon: 121.457164
dut_v: 0.030866666666666667
