dut_alt: 95.178
dut_current_time: '2025-04-07 06:52:26'
dut_lat: 31.023986
dut_lon: 121.45817
dut_v: 0
