bias: 179842.15291652182
biasx: 1618578.6904232115
count: 1
pc: -120
time: '2025-04-07 06:52:26'
