average_bias: 0.15402516542498024
count: 9
current_bias: 1.3862264888248221
rsv_mileage: 1.3862264888248221
sim_mileage: 0.0
time: '2025-04-01 10:04:19'
