dut_alt: 108.123
dut_current_time: '2025-04-01 10:04:19'
dut_lat: 31.024318
dut_lon: 121.457374
dut_v: 0.025722222222222226
