dut_alt: 176.858
dut_current_time: '2025-04-01 09:39:12'
dut_lat: 31.024585
dut_lon: 121.456739
dut_v: 0
