bias: 179778.2238067981
biasx: 179778.28950506955
count: 9
time: '2025-04-01 09:39:12'
